0.000 0.000 0.000 0.000 703.300 0.000 0.000 0.000 0.000 1630.940 1618.980 0.000 338.370 324.295 0.000 0.000 44.013 44.610 1697.615 0.000 46.665 0.000 0.000 781.267 0.000 0.000 0.000
0.000 0.000 0.000 0.000 0.000 0.000 0.000 0.000 0.000 0.000 0.000 0.000 857.237 0.000 0.000 0.000 0.000 0.000 3.185 0.000 0.000 0.000 0.000 0.000 0.000 0.000 0.000
0.000 0.000 0.000 0.000 0.000 64.703 0.000 0.000 834.518 0.000 0.000 0.000 0.000 0.000 0.000 0.000 0.000 2.000 0.000 4.133 1.513 0.000 0.000 0.000 0.000 1133.053 1790.788
0.000 0.000 0.000 0.000 90.580 0.000 0.000 0.000 0.000 0.000 0.000 0.000 0.000 0.000 0.000 0.000 0.000 0.000 0.000 0.000 0.000 14.190 0.675 58.240 406.847 541.827 4114.682
0.000 0.000 0.000 0.000 0.000 0.000 0.000 0.000 0.000 0.000 0.000 0.000 0.000 0.000 0.000 0.000 0.000 0.000 0.000 0.000 0.000 571.887 548.075 698.510 829.500 3053.928 1808.688
0.000 0.000 0.000 0.000 0.000 0.000 0.000 0.000 0.000 0.000 0.000 0.000 0.000 0.000 0.000 0.000 0.000 130.700 0.000 0.000 21.013 556.900 709.300 1471.298 0.000 0.000 4314.197
0.000 0.000 0.000 0.000 0.000 0.000 0.000 0.000 0.000 0.000 0.000 34.150 0.000 0.000 0.000 0.000 0.000 0.000 139.215 113.740 116.230 1825.362 5247.878 7768.258 0.000 240.490 219.703
0.000 0.000 0.000 0.000 0.000 0.000 0.000 0.000 0.000 0.000 0.000 0.000 0.000 0.000 0.000 0.000 0.000 0.000 138.665 0.000 1160.984 1475.331 3865.308 4417.842 3163.300 3262.932 2732.726
0.000 0.000 0.000 0.000 0.000 0.000 0.000 0.000 0.000 0.000 0.000 0.000 0.000 0.000 0.000 0.000 0.000 0.000 0.000 0.000 1459.963 233.000 1570.825 472.887 3269.250 2460.805 1899.265
0.000 0.000 0.000 0.000 0.000 0.000 0.000 0.000 0.000 0.000 0.000 0.000 0.000 0.000 0.000 0.000 0.000 0.000 0.000 0.000 0.000 57.460 0.577 0.000 0.000 0.000 4485.382
0.000 0.000 0.000 0.000 0.000 0.000 0.000 0.000 0.000 0.000 0.000 0.000 0.000 0.000 0.000 0.000 0.000 0.000 0.000 0.000 0.000 0.000 0.000 0.000 0.000 23.563 883.893
0.000 0.000 0.000 0.000 0.000 0.000 0.000 0.000 0.000 0.000 0.000 0.000 0.000 0.000 0.000 0.000 0.000 0.000 0.000 0.000 0.000 0.000 0.000 0.000 0.000 437.903 1746.430
0.000 0.000 0.000 0.000 0.000 0.000 0.000 0.000 0.000 0.000 0.000 0.000 0.000 0.000 0.000 0.000 0.000 0.000 0.000 0.000 0.000 0.000 0.000 0.000 0.000 0.000 310.755
0.000 0.000 0.000 0.000 0.000 0.000 0.000 0.000 0.000 0.000 0.000 0.000 0.000 0.000 0.000 0.000 0.000 0.000 0.000 0.000 0.000 0.000 0.000 0.000 0.000 0.000 6764.930
0.000 0.000 0.000 0.000 0.000 0.000 0.000 0.000 0.000 0.000 0.000 0.000 0.000 0.000 0.000 0.000 0.000 0.000 0.000 0.000 0.000 0.000 0.000 0.000 0.000 548.565 3303.734
0.000 0.000 0.000 0.000 0.000 0.000 0.000 0.000 0.000 0.000 0.000 0.000 0.000 0.000 0.000 0.000 0.000 0.000 810.785 0.000 1054.337 748.972 1993.193 502.417 0.000 1577.360 510.637
0.000 0.000 0.000 0.000 0.000 0.000 0.000 0.000 0.000 0.000 0.000 0.000 0.000 0.000 0.000 470.565 0.000 0.000 0.000 85.730 1675.785 3856.057 3507.947 2455.590 0.000 2071.707 2748.860
0.000 0.000 0.000 0.000 0.000 0.000 0.000 0.000 0.000 0.000 0.000 0.000 0.000 0.000 240.870 6.180 0.000 0.000 0.000 526.836 1168.160 805.483 1418.842 2748.798 3308.403 2791.482 4766.943
0.000 0.000 0.000 0.000 0.000 0.000 0.000 0.000 0.000 0.000 0.000 0.000 0.000 0.000 0.000 0.000 0.000 0.000 0.000 0.000 0.000 1544.050 623.648 3792.512 829.307 545.918 439.925
0.000 0.000 0.000 0.000 0.000 0.000 0.000 0.000 0.000 0.000 0.000 0.000 0.000 0.000 0.000 0.000 0.000 0.000 0.000 0.000 119.773 115.490 0.000 0.000 435.280 407.283 466.397
0.000 0.000 0.000 0.000 0.000 0.000 0.000 0.000 0.000 0.000 0.000 0.000 0.000 0.000 0.000 0.000 0.000 0.000 0.000 0.000 0.000 0.000 0.000 736.300 762.630 0.000 427.907
0.000 0.000 0.000 0.000 0.000 0.000 0.000 0.000 0.000 0.000 0.000 0.000 0.000 0.000 0.000 402.645 0.000 0.000 0.000 55.497 0.000 0.000 0.000 98.650 544.625 0.000 301.927
0.000 0.000 0.000 0.000 0.000 0.000 0.000 133.313 42.143 0.000 0.000 0.000 0.000 0.000 0.000 0.000 0.000 0.000 0.000 68.735 13.143 0.000 0.000 52.247 0.000 0.000 0.000
0.000 0.000 0.000 0.000 0.000 0.000 3490.935 200.095 0.000 0.000 1299.310 640.350 1035.075 0.000 0.000 0.000 0.000 0.000 0.000 0.000 0.000 0.000 0.000 0.000 3.390 0.000 0.000
